
real=736.5234970939 
imag=-0.0000000000